fc1.weight: Columns 1 to 100.01 *
-2.0207  1.6227  2.7159 -3.4709 -0.4749  1.3439  3.2093 -2.7760 -0.1625 -2.0950
 -0.3677 -2.1797 -0.1177  2.5072 -2.1047 -0.2808  3.1822  2.6780 -0.0252 -2.6942

Columns 11 to 200.01 *
-2.0386 -0.1556 -2.1750  0.4168 -0.1098  1.5411  2.3037 -0.5661  2.7674  2.0891
  1.8566 -2.5856  0.6147 -0.8209 -0.6310 -0.5405 -2.5414  0.2125  0.8405  1.6016

Columns 21 to 300.01 *
 0.1331 -2.1172  1.7594 -0.9046  0.5231 -0.0546  3.0870  3.0845 -3.4784 -0.4216
  2.5661  0.9481  1.5086  2.9330  2.9150  1.6460  1.0498 -0.0057  0.8900  0.5432

Columns 31 to 400.01 *
 2.0236  2.5452  2.2854 -3.4449  3.0008 -1.1967 -2.3544 -3.2439  1.0339  0.4086
  1.1617  2.5176  2.7291 -3.5625  2.1269  3.1294  0.7798  2.7654  2.1604 -2.8642

Columns 41 to 500.01 *
-2.2270  2.6780 -3.4804 -0.6524 -0.0199 -0.5979  0.1192 -2.8650  3.4395  2.2913
  0.2773  3.5289  2.2469 -1.0343 -2.4936 -0.4536  0.5370 -0.5995  1.6112 -0.4501

Columns 51 to 600.01 *
 0.6127  2.3689  2.7244  2.5379  3.2056  3.3871  3.5305 -0.2418 -2.3919 -1.6271
 -1.5092 -0.6696 -2.1902  0.4012 -2.7112 -2.3739  1.7808 -0.2039  2.6229  1.6908

Columns 61 to 700.01 *
 3.4986 -0.2810  0.7132  0.0207 -0.8231  0.4069 -1.5705  3.1639 -2.4567 -3.1231
  2.9364  3.4104  0.9699  3.2700  0.5673 -1.6422  1.1937 -2.3099  2.7063 -3.0681

Columns 71 to 800.01 *
 1.4647  1.2986 -3.4486 -0.4474 -2.1830 -0.1469  0.2190  1.9101 -1.2404  2.7572
 -1.0828 -0.6661 -2.7945 -0.4549 -3.5311  2.2819  0.6721  2.3179 -2.8583  3.3302

Columns 81 to 900.01 *
 0.3202 -0.7392  0.3556  1.8454 -0.0679 -2.3095  1.8218 -1.2153  3.0074  0.0150
  1.0540  0.7314  1.6660  0.9164 -3.5071  2.8314 -0.0213  2.7955 -2.7650  1.3590

Columns 91 to 1000.01 *
-1.7203 -0.9347 -3.1795 -3.4535  0.5943  0.0592 -0.3327 -0.1893 -1.4719  0.7289
 -1.7358 -1.6492  0.4271  0.3287  1.9032 -0.2126 -3.3604 -3.4760  1.8983  2.5076

Columns 101 to 1100.01 *
 1.3610 -0.0105 -0.7609  2.5558 -0.6465  1.8745 -0.0942 -1.4375  2.0333 -0.6326
  1.9763 -2.2482  0.0857 -2.3226  0.0319 -2.8694  2.1021 -3.0007  3.4676 -0.7899

Columns 111 to 1200.01 *
 1.7317  0.2774  3.5422  1.9019  2.2973  1.0973 -3.1372  2.9432 -2.1365  3.0979
 -1.9671  1.5113  1.4338 -3.3290 -0.5904  0.0005  1.8275  1.0311 -2.0084 -1.7386

Columns 121 to 1300.01 *
 1.2448  2.1795  0.9193  0.0283  2.0779  0.9016  3.0626 -2.1715  0.9720 -1.7926
 -0.7534  2.6302 -0.8402 -2.9908 -0.2684 -2.7199 -2.4116 -1.0173 -2.2724 -2.2644

Columns 131 to 1400.01 *
-2.2005 -1.0837  1.5552  1.2793 -0.5458 -1.4469 -2.9443 -2.1087  3.0316 -3.2593
  1.5585 -2.2803 -1.9781 -2.2609  3.3487  2.7224  1.1174 -0.3721  1.3317  1.6214

Columns 141 to 1500.01 *
-1.6195 -0.0305  3.0257 -2.7223  3.1388 -2.5585  1.7751 -2.3824 -0.3450  2.6310
  3.2350  2.9365 -2.3935  2.4862 -0.4965 -2.8569 -3.5186  0.1371 -1.8297 -2.2422

Columns 151 to 1600.01 *
 3.4579  1.5836 -1.0605 -2.9967  1.4198 -2.7273 -0.1008 -1.8334  3.4364 -0.7494
  3.4515 -1.9711  2.9508 -0.6627 -2.4785  3.4477 -2.2596 -1.6629 -3.2231  0.0597

Columns 161 to 1700.01 *
-2.0545 -0.1338 -1.9249 -0.0972 -2.5240  0.4518 -2.9954  2.5469 -3.4769 -0.4721
 -2.8854  1.7058 -1.0474 -3.2214  1.0102  2.1051 -3.4958  3.3201  1.4634  1.9797

Columns 171 to 1800.01 *
-1.9620 -2.1223  0.1254  0.1606  2.1998 -2.3406  2.1190 -1.4600  3.2487  3.1172
 -3.0382  0.2599 -1.6809  1.0867  0.1661 -0.7078  2.9160  2.1450 -1.3050 -1.9652

Columns 181 to 1900.01 *
-2.4798 -2.0721 -1.1714 -2.3152  1.2014 -0.7403  1.9973 -1.1849 -1.3361 -3.0251
 -3.0373  3.4381 -1.6487  2.4612 -1.8240  2.4174  2.7892 -0.9366 -0.0050 -3.2450

Columns 191 to 2000.01 *
 2.6907  3.3656 -1.2571  0.5067  1.3518  1.8213 -0.9356  3.3711 -2.2967  2.0069
 -1.4529 -1.2321  1.6908 -2.1453 -1.3204  2.8778  1.8659  2.9097 -0.3506 -2.4469

Columns 201 to 2100.01 *
 0.6969 -1.5629  0.2212 -2.3155  2.2089  3.2513  2.3175  2.7305  0.3166 -0.7397
  2.4114 -1.7210 -3.2578  2.5408  1.1081 -3.1755 -0.2176  1.0332 -0.0915 -1.6121

Columns 211 to 2200.01 *
-2.9126 -1.3411 -1.7621 -1.4141 -2.1813  2.0905  3.3426  2.4730  0.4413  1.7150
 -0.6102 -2.1584  1.2498 -1.0280  3.3224 -2.9503  2.5997 -1.6020  0.6275 -0.5946

Columns 221 to 2300.01 *
 3.0559 -3.2356 -0.2462 -0.0356  3.4600 -2.3815  0.1370  2.0044 -1.0046  1.0381
  1.3599  1.2926 -2.5563  2.8358 -3.1638  1.4643  1.5678 -2.4735 -1.1594 -1.3998

Columns 231 to 2400.01 *
-3.0328 -0.8990 -2.5587  3.4022  3.0690 -1.8364 -2.7990 -1.4331 -3.4961  0.4830
  2.5912 -1.3003  2.7583  3.0636  0.5005  0.1842 -1.4963  0.1329  3.5065 -0.7071

Columns 241 to 2500.01 *
 3.1373 -1.4590  2.8083 -2.8242 -2.4177 -0.8667 -2.6334 -2.7264 -3.0586 -0.6185
 -0.2051  0.4346  0.9280 -1.9366 -2.2383  0.2109 -1.1875 -1.3712  3.0797 -1.3433

Columns 251 to 2600.01 *
-2.0083  0.7956  0.4501  2.2133  2.5599  0.8589 -3.3180  0.9790 -2.1475  2.7746
 -0.3338  2.6165 -0.0850 -2.0811  0.5711  0.3787  1.9716  2.7657  2.6566  2.1974

Columns 261 to 2700.01 *
 1.0744  1.1716  1.1823  1.0892 -1.9268 -3.2733 -3.4116  3.0268  2.6123 -1.7204
 -0.4941  0.2534 -1.1842 -1.3013  0.2905  0.8140 -3.5472 -2.4760  1.6077 -2.4499

Columns 271 to 2800.01 *
 2.4979  3.0937  3.0676  1.2127 -2.9120 -2.4119  2.6033 -0.2788  1.6731  2.4645
  2.8185 -1.0684  2.6536 -1.0110 -3.1936 -3.2911  2.2137  0.9916 -1.7174 -0.1793

Columns 281 to 2900.01 *
-1.6920  1.4115  1.9927 -0.5695  0.3633  3.4078 -1.5144 -1.9033  3.2554  2.9324
 -2.5120  3.0238 -0.2816 -0.5922 -3.0561 -1.2441  3.0536  2.5268  2.0376 -0.5405

Columns 291 to 3000.01 *
 2.2050  2.1586 -3.5620 -0.8482  2.4411 -1.4130 -1.3669 -3.0889  1.8867  2.2233
 -2.1981  1.8208  0.2974 -3.0553  0.0478  1.7191  2.7922  3.1134 -1.5092  0.6919

Columns 301 to 3100.01 *
-2.9289  2.3480  2.6959 -0.0708 -0.2976 -2.5268 -0.4420 -1.1816 -1.6391  0.4751
  3.1757  2.3437  1.3181 -1.4773  1.9297 -1.4349  0.4593 -2.3603 -0.4978  2.8263

Columns 311 to 3200.01 *
 0.6249  1.7182 -0.8989 -3.1503 -2.6649 -3.4522 -0.0906  1.1455 -2.2642  2.0405
 -1.7483 -2.9789 -2.9945 -1.8997  3.4158  3.4604 -3.1347  2.5541 -0.0190 -3.3383

Columns 321 to 3300.01 *
-2.8735  0.4543 -0.4889  3.1588  2.3225  0.0830 -0.0007  3.4229 -2.1630  1.2909
 -2.2775 -2.3785  1.6577 -2.5781 -2.9185  1.9304  2.5800 -1.5040  1.2807 -1.4954

Columns 331 to 3400.01 *
 2.3533  1.9628 -2.6869 -0.8644 -0.3144 -3.4139  1.1147 -0.7258 -0.1925 -1.0618
  2.3508 -0.0866 -0.1161  2.6092 -0.7090  2.4509  3.1623  3.0618 -0.3360 -1.1846

Columns 341 to 3500.01 *
-2.0755 -1.6093 -3.1260 -1.7232 -2.8288  1.8579 -2.0210  3.4058 -2.7198  1.6887
 -1.0901 -3.4505 -2.4988  1.1636 -3.4295 -0.8706  1.3490  3.4100  1.7105 -1.3621

Columns 351 to 3600.01 *
-0.0591 -2.0254 -3.5300 -0.4728 -1.9830 -2.3107  0.9306 -0.5791  0.9186 -0.7455
 -1.5768 -1.2554 -1.6716  2.2415 -3.1765  0.5771  2.7200 -1.1803  3.0274  2.0866

Columns 361 to 3700.01 *
 1.5009 -1.2884 -1.2576 -3.2915  3.4629  3.0554  0.4603 -2.9687  1.9542  1.6220
 -1.4507  2.3158 -3.0317  1.1218 -2.7364 -0.7349 -0.4810 -2.7354 -2.6226 -3.3211

Columns 371 to 3800.01 *
 0.2358  3.2534 -2.5622  0.8460 -1.6154 -2.2836  2.5983 -2.0826  0.5784 -2.9229
  2.5041 -1.5139 -1.1966  1.7950 -0.2412  2.4732 -2.1765 -1.6695 -3.4742  1.4149

Columns 381 to 3900.01 *
-2.7654  0.8132  0.1488  1.8292  0.0084  3.3973 -2.8620 -2.2351  3.4857  3.0427
  2.8180 -2.4697 -1.5839 -1.0287 -2.3590 -2.9352  1.3300  0.6925  0.0574 -0.2335

Columns 391 to 4000.01 *
 2.4023  2.5335  0.3094  0.1361  0.1120  1.7754  2.6427  0.4084  0.8998 -2.9735
  1.8828  2.2341  0.0781 -1.9177 -2.6513 -1.6195  2.2326  0.3097 -3.1081 -1.0060

Columns 401 to 4100.01 *
-2.3285  0.1216 -1.9449  3.2924 -1.9211  0.4609  0.7641 -2.3856 -2.8927  2.6941
  1.5593 -1.2322  1.3822 -3.2078 -0.6668  3.4621 -2.7773  2.4070 -0.5082 -0.2663

Columns 411 to 4200.01 *
 1.9382  3.3911  2.2426 -2.5392  0.6598 -1.5280  3.4850 -0.1002  2.5582  1.1231
 -3.3392 -0.2984 -0.9956  3.0196 -1.5089 -2.3440 -1.7190  0.3293 -2.9629  0.9238

Columns 421 to 4300.01 *
-1.8728  3.3707 -3.2749 -0.0699  2.8245  0.5660 -3.4082  1.8760 -0.9992  1.0985
 -3.3641 -0.2421  2.4197 -1.4213 -0.8295  1.2255  1.1421  1.4739 -0.0603 -0.0469

Columns 431 to 4400.01 *
-1.4117  3.1246 -3.0680 -2.0269 -2.2968 -3.4684  2.4696  1.1077  3.0748  1.5191
  2.9066 -3.4010 -0.7106  2.5964 -2.9028 -0.1206  2.7974 -0.5377  2.5540 -1.8143

Columns 441 to 4500.01 *
 0.5378  2.8328  1.4470  0.5169  2.8270 -2.3229 -3.5303 -2.5942 -1.1839 -3.1097
  1.4327 -1.8314 -2.8420 -2.9860 -0.4443  1.8864  0.8641  1.8894  1.4342  0.2016

Columns 451 to 4600.01 *
 0.4750  0.8025 -1.5040 -1.6137  1.4998  1.2237  3.2046  2.4893  2.2888 -2.2581
 -1.9659 -1.0004 -2.1486 -0.5377  3.3057 -1.7400 -1.5492  1.5778 -1.8713 -3.3952

Columns 461 to 4700.01 *
 2.0832 -3.5515  3.1389  1.9950 -2.0098  1.8986  2.2692 -1.0776 -2.6890  0.6686
 -0.4339 -0.1607 -1.7485  1.7177  3.5544  3.4432 -3.0472 -0.2904  1.9879  0.0723

Columns 471 to 4800.01 *
-3.2015 -2.5690 -3.4756 -0.1484 -1.2200 -3.2109  3.2136 -2.9995  2.6165  3.0287
  1.4605  3.1330  3.4525  0.0777 -3.4656  1.3000  1.7101 -1.9235 -0.8939  0.1858

Columns 481 to 4900.01 *
-0.5516  1.5144 -1.0305  2.1448 -1.3095 -3.3690  0.2422 -2.2968 -2.1254 -0.6950
 -0.6926  0.5007 -1.4736  2.7136 -0.1790 -0.6598 -2.0818  1.4160  1.0873 -3.2011

Columns 491 to 5000.01 *
-1.8411 -2.2203 -0.6340 -1.6865 -2.0217  0.3240 -0.8910  1.5280 -2.3702  2.4428
 -0.3055 -0.5324 -3.3245  0.2815  0.5853  3.5284  0.7203 -0.2999  0.8737 -3.3760

Columns 501 to 5100.01 *
 2.9390 -1.9570  2.2543 -1.5752 -2.3960  3.3951 -2.8501 -2.2361  0.1467  0.2925
  0.5655 -3.4329  3.0113  3.0233  2.2222 -1.3084  0.1716 -1.8087 -2.7147  2.0707

Columns 511 to 5200.01 *
-0.9321 -2.6255  0.2645  3.0746 -2.3287 -2.3048  2.6192  1.1016 -1.2187 -1.2073
 -0.3327  1.0660  0.8894 -2.9208  3.2282 -3.5710  3.3984  0.3993  2.7900  2.0553

Columns 521 to 5300.01 *
 2.2036  2.6776  1.0216 -2.3017 -0.2231 -2.4202  2.8480  2.1953  2.1511 -2.6428
 -0.6485  0.2776  1.6178  1.6031  2.1393 -1.1477 -3.4549  2.6044  1.3637 -2.3346

Columns 531 to 5400.01 *
 3.3833 -1.4060  2.5323 -0.3810 -2.4031 -1.6898 -0.4094  0.1248 -3.0100 -1.9412
 -3.4580 -0.3095 -2.6320 -0.3842 -1.0424 -2.2512  2.5523 -0.5729 -0.8202 -0.4944

Columns 541 to 5500.01 *
 1.0670  1.8587  1.3843  2.0351  0.6317 -2.9522 -0.2590 -2.0888  1.4387 -1.5770
 -3.2792 -2.4187 -0.1677 -1.1672 -1.1883 -1.6974  2.1557  2.2555  1.9478  1.5102

Columns 551 to 5600.01 *
-0.9787  1.3032  2.2895 -3.3257 -2.0111  0.2411 -1.4630 -2.2654  0.2558  2.6600
 -2.4577  2.3640  2.1538  0.6032  2.9492  2.2152  1.5557 -1.4284 -3.0726  2.2958

Columns 561 to 5700.01 *
 0.0867  1.9055  3.1643 -3.2152  1.1713  1.5793  1.5050 -0.1194 -2.7790  2.7635
  2.4686  2.9197  2.6193  2.6227 -3.0126  3.4286 -0.3974 -0.9024 -1.9911 -1.4801

Columns 571 to 5800.01 *
 3.5311  0.6091 -2.9443 -0.2544  0.7261  1.5408  2.3705  1.8231  0.1347 -0.2296
  2.4833 -2.2151 -3.4247 -3.1932  1.3408 -1.5133  1.6114  1.3578 -0.3996 -0.2982

Columns 581 to 5900.01 *
 2.9028 -2.2265  2.8915  2.0869 -2.7270 -0.8096 -2.2242  1.5661  1.8192 -3.0248
 -2.0430  2.8948  0.6318 -2.0966 -2.9905  0.9874 -2.7455  1.8994  0.2508  3.1421

Columns 591 to 6000.01 *
 1.3938 -1.0033  1.4736 -0.1751  2.1232  3.4763  0.7555  2.1474  0.4227  1.4565
 -1.3845 -1.5934  1.8788  1.0397 -3.2632  2.3457  2.0617  1.6651 -1.8333 -1.7257

Columns 601 to 6100.01 *
-0.9551 -2.7929  1.5442 -2.1842 -0.0200 -1.7667  1.7331 -1.0429 -1.6864  0.4709
 -3.4755  0.0868  0.8484  1.4438  2.3210  1.5302 -2.0081 -3.1033 -0.7033 -0.5866

Columns 611 to 6200.01 *
 2.5932 -0.2153 -2.7528 -0.3842 -2.8991 -0.1582 -2.1821 -0.1886  2.3976 -3.5233
 -0.8385 -1.5152 -2.2755  3.4317 -2.6748  0.6228 -2.4052  1.6775  1.7635  3.1604

Columns 621 to 6300.01 *
-1.4882  2.8737  3.0905 -0.1675 -2.6643 -2.0531 -1.9415  2.4964 -1.4720 -2.2297
 -3.1557  3.2713 -0.8722  3.5164  0.4651 -2.0665 -0.8861 -2.4715  1.2402  2.5055

Columns 631 to 6400.01 *
-0.4888  1.9717  1.5629  2.2695 -3.3145  1.3669 -1.5464 -3.1853  0.4790 -2.4485
 -1.0734 -2.4199  0.4448  0.9908 -0.6148 -1.0634  2.6100  2.3584  3.1407  2.3291

Columns 641 to 6500.01 *
-0.4311  2.3600  2.4093  0.6216  1.1586  2.7118 -0.8771 -0.5216  0.6627 -1.2623
 -1.2010 -2.3375  2.0945 -2.9856 -1.0020 -1.4924  3.2698  1.0858  0.3729 -1.4907

Columns 651 to 6600.01 *
-1.2102 -0.4294  0.0067 -2.2103 -3.5145 -0.9801  2.3228  1.5946 -2.2748  0.7612
 -1.0839  2.7582 -1.6014  1.4128  3.0303 -1.2704 -0.8266  2.2925  0.7022  3.3689

Columns 661 to 6700.01 *
-1.7246 -1.6008 -3.3953 -0.0413  1.9095  1.9498 -0.4784 -0.8239  0.1302 -1.5479
  2.7089  1.1706 -3.2219 -2.9668  1.3407  0.6510 -0.5850 -2.4197  2.4328 -0.1890

Columns 671 to 6800.01 *
-0.7250 -1.7457  0.6118 -2.8733 -0.3507 -3.2146  1.3344 -2.4489 -2.9665  0.5440
  3.0484 -1.8925 -0.0734 -2.8073  0.4138 -0.3071  1.4837 -0.7035 -2.2835  1.9527

Columns 681 to 6900.01 *
-2.0509  1.2221  3.2706  2.9378  2.9012 -2.5037 -0.9665 -3.3305  2.7608  1.4970
 -1.7421 -3.2478  0.5632 -3.4410  1.9255  0.7146 -2.8999  2.1635  3.5016  1.1927

Columns 691 to 7000.01 *
-3.4201 -1.2192 -3.3122 -0.3911 -2.4023  0.1765 -0.4310  0.3832 -0.4034 -2.3362
 -1.1470  2.0273 -0.4811 -2.8258  1.5891  2.3116 -0.5189  0.1665  0.1503 -1.3049

Columns 701 to 7100.01 *
 2.5048 -0.9289  2.6203  1.9109  0.5179  1.0564 -0.7428 -2.3518  2.7234 -1.1153
  2.7193  1.1384 -1.8196 -3.5199  0.9956  3.1061  3.0181 -2.1834 -3.5086 -0.7630

Columns 711 to 7200.01 *
-2.5257  1.4419 -0.8371  1.9565  2.2718 -1.2092  3.4405 -2.1496 -3.2975  0.4026
 -3.5096  2.4349 -2.9997 -2.8403  3.2193 -1.4339 -1.3213  0.3851  0.1935 -0.5341

Columns 721 to 7300.01 *
 0.2040  1.5337  1.1181  2.5476 -2.0031  0.4378 -3.5187 -0.0832  2.2874 -0.3040
 -1.2645 -3.5636 -3.4108 -0.6544  2.0269  3.3380  2.6549  3.1760  1.1124  2.1841

Columns 731 to 7400.01 *
-1.8651  2.9181  0.2584  0.0116  2.9775 -2.8387  3.3379 -2.9746  2.9856 -1.1730
 -0.3808  3.1158 -1.4117 -0.6296 -3.1316  0.4973  1.5219 -2.5286  3.2283 -0.5598

Columns 741 to 7500.01 *
-1.6477  2.5208  0.3229  3.0143  0.3788 -3.4119  3.2697  2.3986  1.3235  1.9701
 -3.0532 -3.1340  0.5399  2.5914 -1.5616  2.1568 -2.7957  1.3137  0.3648 -2.9260

Columns 751 to 7600.01 *
-2.7006 -0.5046  3.5078 -0.6924  2.7975 -1.0432  3.4456  2.7390 -1.1459  1.7535
  0.3124  1.9524 -1.4545  3.4868 -0.5292 -2.9293  1.7787  2.1949 -1.4266 -1.0952

Columns 761 to 7700.01 *
 0.7760 -0.0615 -2.9936  1.5214 -3.4540 -1.7396  3.3996 -2.1691 -2.3596 -2.4004
 -1.2464  0.9741  2.0134 -0.6730  2.0824  1.8077 -3.0259 -3.0355 -3.5215  3.4171

Columns 771 to 7800.01 *
 3.3922 -1.7130 -2.4290  0.6737  1.7555 -3.4652 -3.1003  0.8282 -0.3088 -3.0390
  2.6548  2.4037  3.5457 -2.0055 -3.0840  3.3502 -1.7740 -2.6551  2.3335 -3.2532

Columns 781 to 7840.01 *
 0.9676 -2.4604 -0.5364 -2.9097
  1.1347  2.9875  1.5921 -1.3107
[ CPUFloatType{2,784} ]
fc1.bias: 0.01 *
-2.3048
 2.9368
[ CPUFloatType{2} ]
